北通D2F手柄通信规律

array('B', [0, 0, 0, 128, 128, 128, 128, 0, 0, 255, 0, 0, 0, 0, 0, 0, 0, 0, 0, 0, 2, 144, 1, 0, 2, 0, 2])
                                                左上
    
array('B', [0, 0, 4, 128, 128, 128, 128, 0, 0, 0, 255, 0, 0, 0, 0, 0, 0, 0, 0, 1, 2, 144, 1, 0, 2, 0, 2])
						左下
array('B', [0, 0, 6, 128, 128, 128, 128, 0, 255, 0, 0, 0, 0, 0, 0, 0, 0, 0, 0, 1, 2, 144, 1, 0, 2, 0, 2])
						左左
array('B', [0, 0, 2, 128, 128, 128, 128, 255, 0, 0, 0, 0, 0, 0, 0, 0, 0, 0, 0, 1, 2, 144, 1, 0, 2, 0, 2])
						左右

array('B', [4, 0, 15, 128, 128, 128, 128, 0, 0, 0, 0, 0, 0, 255, 0, 0, 0, 0, 0, 1, 2, 144, 1, 0, 2, 0, 2])
                                                               A
array('B', [2, 0, 15, 128, 128, 128, 128, 0, 0, 0, 0, 0, 255, 0, 0, 0, 0, 0, 0, 1, 2, 144, 1, 0, 2, 0, 2])
                                                           B

array('B', [1, 0, 15, 128, 128, 128, 128, 0, 0, 0, 0, 255, 0, 0, 0, 0, 0, 0, 0, 0, 2, 144, 1, 0, 2, 0, 2])
                                                        Y
array('B', [8, 0, 15, 128, 128, 128, 128, 0, 0, 0, 0, 0, 0, 0, 255, 0, 0, 0, 0, 0, 2, 144, 1, 0, 2, 0, 2])
                                                                X

array('B', [16, 0, 15, 128, 128, 128, 128, 0, 0, 0, 0, 0, 0, 0, 0, 255, 0, 0, 0, 1, 2, 144, 1, 0, 2, 0, 2])
                                                                    L1
array('B', [64, 0, 15, 128, 128, 128, 128, 0, 0, 0, 0, 0, 0, 0, 0, 0, 0, 255, 0, 1, 2, 144, 1, 0, 2, 0, 2])
                                                                          L2
array('B', [32, 0, 15, 128, 128, 128, 128, 0, 0, 0, 0, 0, 0, 0, 0, 0, 255, 0, 0, 1, 2, 144, 1, 0, 2, 0, 2])
                                                                        R1
array('B', [128, 0, 15, 128, 128, 128, 128, 0, 0, 0, 0, 0, 0, 0, 0, 0, 0, 0, 255, 1, 2, 144, 1, 0, 2, 0, 2])
                                                                               R2
array('B', [0, 1, 15, 128, 128, 128, 128, 0, 0, 0, 0, 0, 0, 0, 0, 0, 0, 0, 0, 0, 2, 144, 1, 0, 2, 0, 2])
              select
array('B', [0, 2, 15, 128, 128, 128, 128, 0, 0, 0, 0, 0, 0, 0, 0, 0, 0, 0, 0, 0, 2, 144, 1, 0, 2, 0, 2])
              start


array('B', [0, 0, 15, 128, 255, 128, 128, 0, 0, 0, 0, 0, 0, 0, 0, 0, 0, 0, 0, 1, 2, 144, 1, 0, 2, 0, 2])
                          0-127 左遥感上
                          129-255 左腰杆下

array('B', [0, 0, 15, 255, 128, 128, 128, 0, 0, 0, 0, 0, 0, 0, 0, 0, 0, 0, 0, 1, 2, 144, 1, 0, 2, 0, 2])
                      0-127 左遥感左
                      129-255 左腰杆右
array('B', [0, 0, 15, 128, 128, 255, 128, 0, 0, 0, 0, 0, 0, 0, 0, 0, 0, 0, 0, 1, 2, 144, 1, 0, 2, 0, 2])
                               0-127 右遥感左
                               129-255 右腰杆右
array('B', [0, 0, 15, 128, 128, 128, 255, 0, 0, 0, 0, 0, 0, 0, 0, 0, 0, 0, 0, 1, 2, 144, 1, 0, 2, 0, 2])
                                     0-127 右遥感上
                                     129-255 右腰杆下

                                                               